-28     -1      0.019607843137255
15      0       0.056254626202813
-12     -1      0.087803165343272
16      1       0.11332045277987
40      6       0.13293829343815
54      13      0.14744023143044
35      17      0.15785235034916
38      20      0.16517256929995
53      26      0.17024331164385
10      23      0.17371987072441
19      22      0.17608665383129
25      23      0.17769017787549
-18     16      0.17877304246249
19      16      0.17950269233102
-13     11      0.17999361027359
-12     7       0.18032357581304
51      15      0.18054520963118
64      24      0.18069401107872
37      26      0.1807938837053
-15     19      0.18086090260803
30      21      0.18090586907667
-21     13      0.18093603665263
14      13      0.18095627454683
28      16      0.18096985056147
42      21      0.18097895739183
51      26      0.1809850661668
16      24      0.18098916382374
75      33      0.18099191243571
59      38      0.18099375612969
11      33      0.18099499282469
-11     25      0.18099582236077
33      27      0.18099637878652
1       22      0.18099675201835
46      26      0.18099700236961
32      27      0.18099717029666
65      34      0.18099728293635
42      36      0.18099735849115
-11     27      0.18099740917068
-11     20      0.18099744316476
79      31      0.18099746596679
3       26      0.18099748126161
25      26      0.18099749152083
60      32      0.18099749840236
33      32      0.18099750301826
57      37      0.18099750611443
89      46      0.18099750819124
89      54      0.18099750958429
38      51      0.1809975105187
23      46      0.18099751114547
63      49      0.18099751156589
74      54      0.18099751184789
53      53      0.18099751203704
76      58      0.18099751216392
84      62      0.18099751224903
62      62      0.18099751230611
88      67      0.18099751234441
36      61      0.18099751237009
34      56      0.18099751238732
50      55      0.18099751239887
101     64      0.18099751240663
77      66      0.18099751241182
50      63      0.18099751241531
85      67      0.18099751241765
103     74      0.18099751241922
17      63      0.18099751242027
115     73      0.18099751242098
63      71      0.18099751242145
51      67      0.18099751242177
32      61      0.18099751242198
62      61      0.18099751242213
31      56      0.18099751242222
56      56      0.18099751242229
41      53      0.18099751242233
78      58      0.18099751242236
88      63      0.18099751242238
78      66      0.18099751242239
118     75      0.1809975124224
96      79      0.18099751242241
78      79      0.18099751242241
126     87      0.18099751242241
84      87      0.18099751242241
100     89      0.18099751242242
99      91      0.18099751242242
58      85      0.18099751242242
110     89      0.18099751242242
126     96      0.18099751242242
98      96      0.18099751242242
85      94      0.18099751242242
119     99      0.18099751242242
55      91      0.18099751242242
72      87      0.18099751242242
65      83      0.18099751242242
82      83      0.18099751242242
126     91      0.18099751242242
67      87      0.18099751242242
109     91      0.18099751242242
122     96      0.18099751242242
120     101     0.18099751242242
82      97      0.18099751242242